63.950410459079926   -22.614461758576518
63.950162333356616   -22.614502032965138
63.949895106923975   -22.614537052444977
63.94963073868093   -22.614560421725237
63.94936694882861   -22.614566441684534
63.9490966609567   -22.61455556283548
63.94884447289656   -22.614536933156685
63.948558572945885   -22.61451340270491
63.94830581432759   -22.61449132800653
63.948044665475415   -22.614464276975525
63.9477673350589   -22.614428597943387
63.947496785101144   -22.614388193908166
63.94722810694417   -22.61434491703656
63.94695888730644   -22.61429828945174
63.94668949016539   -22.614245523247465
63.94642056250856   -22.61418363537199
63.946144080805404   -22.61410906051183
63.94588505196894   -22.614029320448203
63.94563488872405   -22.61394325562027
63.94537702036457   -22.613844320492017
63.94512837423466   -22.61373788317868
63.944864388502275   -22.613612306121308
63.944609881189365   -22.61347921032853
63.94436461115571   -22.613340310505095
63.94409592488422   -22.6131763578878
63.94383662486217   -22.613006031235138
63.943570732231215   -22.61281843302803
63.9433165034322   -22.612626474370412
63.943073814797046   -22.612431529595202
63.94281697021511   -22.61221221418615
63.9425582861204   -22.611976653050874
63.94232142332109   -22.611746630435917
63.9420641185959   -22.611479487091824
63.94181396449929   -22.611200627344825
63.941560123975265   -22.610895972091015
63.94131083149282   -22.610572450582456
63.94109524175941   -22.610270212574452
63.94085664067878   -22.609907411648184
63.94063845631719   -22.609545134880726
63.940433858315146   -22.609173854673458
63.940246240711055   -22.60880101157333
63.94005466956021   -22.608380863487238
63.93986937227778   -22.607926158514278
63.939692945865396   -22.60743430410884
63.9395320319498   -22.606915015738043
63.93938517144597   -22.606351242209477
63.93927072307063   -22.605812432287426
63.939177691818614   -22.60525153526393
63.939105600064885   -22.60463328190834
63.93906505614946   -22.603998386445923
63.939058773329656   -22.603413232373004
63.939085688549035   -22.6028091751427
63.939151299178704   -22.60219773487017
63.93926022895235   -22.60159482572801
63.93940746980387   -22.60104435404359
63.939584831768016   -22.60056575296474
63.93978073657534   -22.600169534768575
63.940016035747185   -22.59981071028092
63.940261990250555   -22.599529190972437
63.940511361172824   -22.59931276097437
63.940773577678954   -22.59913814056931
63.94104589617122   -22.5989954631009
63.941310292431105   -22.598879478108007
63.94158279174811   -22.59876990807324
63.94183863776613   -22.59866625900545
63.942110943401474   -22.598546521971077
63.942362534015786   -22.598421608151593
63.94261792939371   -22.598277463467834
63.942872660184555   -22.598115548081754
63.94313460240999   -22.597932093058848
63.94337916686977   -22.59774933125141
63.94363106539714   -22.597555387148134
63.943898824473116   -22.5973506538129
63.94415876132021   -22.597161180966847
63.944417589717254   -22.59698841460722
63.94469629261758   -22.596825848367747
63.94496854729721   -22.596693963907587
63.94525081548638   -22.596586427243697
63.94550953795792   -22.596512999439696
63.945794496798584   -22.596457137074474
63.94606358816536   -22.596424638146143
63.94632493409087   -22.59640773998877
63.946586847406685   -22.596401157185106
63.946849286432915   -22.59640109897288
63.9471291959891   -22.59640459980268
63.947384085806576   -22.596408605737082
63.947647809931546   -22.59641217619491
63.94792453518307   -22.596414884791525
63.94820561418643   -22.596417198205355
63.94846960629653   -22.59642038630179
63.9487483145519   -22.596426915601818
63.94902034585316   -22.596438765743972
63.94929199540079   -22.596458330580596
63.94957165259079   -22.596488726010875
63.94983384910063   -22.596528265516863
63.95010392358124   -22.59658127833887
63.950356538819165   -22.596642677969463
63.95063792561575   -22.596724624966694
63.95091436967366   -22.596818708498017
63.9511650389512   -22.59691509440753
63.9514317489946   -22.597028487802596
63.95170607283952   -22.597155978743032
63.95197965515259   -22.597293381477705
63.95225246074696   -22.59744011384888
63.9525161922828   -22.59759103834017
63.95278722748495   -22.597755619891352
63.95303063235131   -22.597912047866995
63.95329941692672   -22.598095050211935
63.953550560653916   -22.59827674530504
63.953800181210376   -22.59846872547773
63.9540560067658   -22.598678603794454
63.954309672668124   -22.598901350991962
63.954553055545354   -22.599130343894668
63.95480152089181   -22.59938130175021
63.955046795544376   -22.59964800069405
63.955280961155296   -22.599922239359667
63.955503931979564   -22.600203283970473
63.95573009275106   -22.600510666449175
63.95596547702853   -22.600857756513314
63.95619454907444   -22.601226358785716
63.956409772381676   -22.601605354748433
63.95661083180345   -22.601993722141724
63.956814088469166   -22.602427737567236
63.956990774998324   -22.60284759307489
63.95716765728259   -22.60331978108499
63.95732583140433   -22.603801811949573
63.95747979531752   -22.604350280518382
63.95760956485496   -22.604909468268318
63.95771542381488   -22.60548495530227
63.957798291272624   -22.606101754906145
63.957848357387945   -22.60669880541036
63.957868289768676   -22.607346667899076
63.957850150257585   -22.60799777197861
63.95779807602783   -22.60858191777356
63.95770009173817   -22.609201801965632
63.957559775273225   -22.609781548211714
63.95739780685944   -22.610259828453735
63.95719359179114   -22.610706985671186
63.95697661561818   -22.611063561461723
63.956728947928234   -22.611370387004612
63.956469592899744   -22.611611102637664
63.95621253979458   -22.611792085755518
63.955936495110656   -22.611942885981307
63.95567682563231   -22.61205902274873
63.95540076497589   -22.612169100483026
63.955141812953926   -22.612270503374734
63.95488307487014   -22.61237839026417
63.95460779785092   -22.612507300477983
63.95434946805334   -22.612645745890138
63.95408336149723   -22.612807708447654
63.953818125901535   -22.61298743227191
63.953545655960255   -22.613186748534044
63.953290517355775   -22.61338072557038
63.95302753239294   -22.613580524928295
63.952782845821304   -22.613759419245465
63.95253538368809   -22.613927455844333
63.952270168932486   -22.614087856720232
63.95201175762771   -22.614220998510504
63.95174344943215   -22.61433332050492
63.9514737130554   -22.614419805770996
63.951211282986556   -22.614480265489238
63.95094798639215   -22.61452036250305
63.950666958217134   -22.614544579082654
63.95039383707686   -22.61455429255482
63.950120171093545   -22.61455486603129
63.94983740701907   -22.61455003421059
63.94955412571228   -22.61454304884144
63.94929621408584   -22.614536705285865
63.94902942288385   -22.61453096527222
63.948762469886695   -22.61452588872573
63.94847611487429   -22.614520030911585
63.94820064395711   -22.614512134809768
63.94791682111413   -22.61449927646111
63.94763337584864   -22.61447908284121
63.9473504107903   -22.614449167999613